IM=[93309 -80693 80693 -69685;
    -80693 70188 -69866 60471;
    80693 -69866 70188 -60472;
    -69685 60472 -60472 52584;];
%det(IM)
Mas=[0.003076 0.00176 -0.00176 2.427E-5;
    0.00176 0.003076 2.427E-5 -0.0011747;
    -0.00176 2.427E-5 0.003076 0.0011747;
    2.427E-5 -0.0011747 0.0011747 0.00275;];
Mas*IM;
s=sqrt(3);
trimas=[0.5, s/6, -s/6, 0;
    s/6, 0.5, 0, -s/10;
    -s/6, 0, 0.5, s/10;
    0, -s/10, s/10, 0.5;];
Mas2=[0.524687 0.288143 -0.288143 0.024063;
    0.288143 0.524093 0.024063 -0.173719;
    -0.288143 0.024063 0.524093 0.173719;
    0.024063 -0.173719 0.173719 0.382816;];
Mas3=[0.524687 0.288143 -0.288143 0.024063;
    0.288143 0.524093 0.024063 -0.173719;
    -0.288143 0.024063 0.524093 0.173719;
    0.024063 -0.173719 0.173719 0.542250;];
Mas4=[0.500000 -0.288675 -0.288675 0.000000 -0.000000 -0.000000 0.129099 0.129099 -0.000000;
    -0.288675 0.500000 0.000000 -0.173205 -0.258199 0.129099 -0.000000 -0.000000 0.041239;
    -0.288675 0.000000 0.500000 -0.173205 0.129099 -0.258199 -0.000000 -0.000000 0.041239;
    0.000000 -0.173205 -0.173205 0.500000 -0.000000 -0.000000 -0.221313 -0.221313 -0.000000;
    -0.000000 -0.258199 0.129099 -0.000000 0.500000 -0.000000 -0.206197 0.041239 -0.000000;
    -0.000000 0.129099 -0.258199 -0.000000 -0.000000 0.500000 0.041239 -0.206197 -0.000000;
    0.129099 -0.000000 -0.000000 -0.221313 -0.206197 0.041239 0.500000 -0.000000 -0.184428;
    0.129099 -0.000000 -0.000000 -0.221313 0.041239 -0.206197 -0.000000 0.500000 -0.184428;
    -0.000000 0.041239 0.041239 -0.000000 -0.000000 -0.000000 -0.184428 -0.184428 0.500000;];
Mas5=[0.512500 -0.295531 -0.281458 -0.012188;
    -0.295531 0.511891 -0.012188 -0.161064;
    -0.281458 -0.012188 0.512500 -0.185762;
    -0.012188 -0.161064 -0.185762 0.521397;];
